2030
44019
54375
8600
32424
43802
70626
43877
65797
72124
32429
56578
50000
58714
32472
76306
52511
31285
98517
82017
92936
47254
85850
51296
92227
75606
53722
96645
88929
24478
1653
10885
62518
41926
97663
55294
37810
90642
32520
17132
17182
83655
57710
25462
77757
31177
72723
71437
40514
94458
1988
59052
63695
84792
84812
29343
95246
96683
55521
92393
53972
39523
53931
38158
47873
22271
24441
62782
74062
75477
11128
34281
27694
22598
83650
56042
39488
45082
88681
37443
61027
93759
97353
59251
95451
76135
73889
59817
28283
63456
85302
75875
53427
61630
89684
2328
88014
55430
63673
33558
63072
43177
66625
15808
55776
77430
17635
44870
84201
57570
53895
20888
34009
7527
92243
19053
82726
40353
57897
49728
91480
97213
73039
49738
66350
12008
19573
88965
40843
15409
37676
56386
57020
91139
91669
84640
9733
81214
19634
37666
57012
75269
64600
26237
88931
67951
73219
55677
81090
5429
78335
42329
42744
44548
48810
58353
99119
57196
65820
9464
81006
53855
27682
16077
19914
64206
21777
47733
18268
96640
57349
72856
39632
59416
63915
19088
60083
90420
71098
89328
1480
23218
83349
91478
42656
11172
82985
2425
96519
40484
20370
33590
82588
20063
19431
47785
77313
21901
327
60920
51106
78686
68969
32399
42605
71705
23407
18615
47045
73595
69206
63461
81726
58794
82425
43180
61456
56338
52310
77524
42878
20325
63396
38533
40488
55248
61504
48038
66547
34496
20493
43624
45860
32141
6218
19070
68356
29588
29525
31106
65893
89255
72469
5890
31987
14129
96885
45500
45102
42726
74967
86032
91398
61006
77379
46306
35066
23651
66333
12389
26984
57509
30290
9037
54818
48108
71117
74011
92662
18143
29219
18437
35065
44108
2967
71461
11904
7853
32057
46140
86058
8443
73606
2900
88326
58196
46205
44958
38192
21408
83541
76570
92178
87268
34066
22323
73189
23758
86462
88729
98751
4508
28930
72064
93196
77756
74848
58804
50642
79373
24768
14282
70366
44879
69674
20247
11769
2236
44375
24371
76369
66568
71434
88064
13831
594
90161
63498
68333
80766
83902
70840
97953
80141
58483
58172
37179
49457
57658
35614
52821
46667
64027
81983
10137
55726
64525
5326
45254
31985
20858
60517
54356
99397
53316
27202
7234
83591
17174
95181
40812
67152
91700
54385
33557
87680
41739
91884
56572
81403
90754
50199
54142
1618
87119
68168
36246
89387
25727
97199
96118
51483
77429
78403
49818
13708
79031
86922
48363
36756
6306
67237
44355
59680
54508
2218
17285
20640
1332
12158
71100
75454
24300
86818
45187
95384
10862
20521
50748
32498
99094
70727
42868
3328
37848
47724
44250
91791
40570
76061
58151
84911
92585
60711
93532
77691
13736
32631
1349
92543
6970
1241
64099
33026
3237
84755
52228
76759
76023
81212
62982
88161
35675
39265
68689
8516
34771
24985
75552
51604
7484
78522
99565
59918
10834
16625
10541
89488
79279
64293
21497
65338
53795
10091
33710
72350
47292
46315
82111
84133
32048
58525
95596
17641
78528
73179
58959
49924
67869
9639
2858
65155
85657
34188
37883
48696
71931
64790
62433
79708
50123
10461
94621
15638
31114
99046
98374
8403
30896
38144
65425
4340
92401
53705
24918
31931
32196
83592
98148
24928
73266
17130
45546
80933
49949
19449
86725
7811
99347
84267
23449
40769
10704
16702
35843
83869
91606
13426
91053
17972
94213
2040
84425
45948
62477
91333
69014
28488
60151
47599
10945
14394
45488
18319
15510
4887
55315
46217
4872
79577
34023
7742
14028
36114
13122
44209
15044
22341
92676
73094
27203
58475
28756
50720
13498
52037
57899
88309
15160
92211
35330
31971
37153
93062
31166
65553
8866
4347
48219
72172
85006
81284
20825
96950
10310
68518
50919
29375
27167
53498
64994
3526
54523
60770
30017
6821
1470
70311
48888
7213
21837
34532
66068
87781
86656
93289
59072
74717
87583
8309
47401
72741
52071
74987
16111
51429
22021
34927
61262
32624
51896
64426
35477
88913
126
32933
65627
5500
81401
23223
48765
60036
18411
39481
13285
74651
82462
614
20602
45288
35857
93321
65912
57830
97777
80696
32114
26579
42192
39152
42402
52785
94042
55763
5591
53392
77274
5365
20498
86047
39795
95647
45658
24466
80995
60417
71832
55621
59720
66606
94714
56524
60207
39788
1459
71011
30285
6356
95477
42498
57064
74046
47914
606
76249
98271
33417
26380
15927
66079
36574
38393
1521
39462
64980
78690
96822
99175
81856
95863
17672
41579
41829
29623
20535
85418
31300
74416
16630
91870
28946
93118
46397
51189
42455
1452
88278
20910
94673
26243
73498
77771
81676
31414
40524
59816
7285
57952
10250
43265
4108
38732
19865
49837
28
47472
99740
59868
97423
43647
57305
94050
59093
72055
3795
55717
87701
12405
2262
22356
4284
87966
55387
60862
45642
7028
14941
98262
53048
9204
17347
59185
92318
45856
3954
71312
31155
97047
49888
91660
84801
78626
27626
39021
31743
75324
78199
87453
19547
55533
28181
1603
38719
52895
13164
71997
49655
32028
32019
15466
79997
33316
47998
20505
64643
33377
42973
46858
76886
79502
85625
30237
6408
53628
77945
46777
59079
73470
8089
30002
81637
16066
73416
81700
29605
12936
22620
23364
4495
88738
41033
26155
52372
20754
87025
4487
61500
35469
79936
42718
29639
43262
20347
56325
75532
98547
14074
60504
80940
88459
14467
14986
86425
74819
33320
24679
69133
13622
17709
81170
36344
48611
81767
64602
56638
43662
79034
48382
20550
50971
52227
39648
7283
10963
52963
47458
54998
4383
35662
78247
53468
451
78945
53671
63572
35276
45777
71387
90644
26199
42217
50373
18498
71155
73223
67130
77619
62380
45573
62660
82122
69641
8926
83266
33890
82872
25428
14320
86365
29320
20821
48052
22442
40275
3567
44386
76502
63592
54705
33570
32984
68253
18599
12025
86262
9273
66876
96447
76211
85217
74497
37474
60577
16785
85703
40197
57432
27584
29401
17499
90911
69277
72036
1193
85093
33333
48189
21334
20018
8169
53945
35910
71502
67984
8837
95387
77247
66323
26730
12058
15905
2337
41687
83699
40269
54105
52318
73878
86492
25686
17953
77062
5115
74644
57206
64012
88340
82914
71724
10671
70873
54570
51538
17224
43455
26796
36778
43946
47298
20005
72624
19962
36630
65618
52423
96456
19586
51795
45443
83100
30592
31594
6927
90136
34583
7820
351
44808
39754
17961
62544
92342
64901
2989
27160
15083
35680
29299
2489
73565
60074
46162
61351
77405
87049
68856
39596
13562
19510
59331
66351
24513
38257
85731
22886
69959
42828
62785
91145
79677
24550
37240
57965
22146
96679
25511
49376
3403
66677
48762
22088
15647
64875
26218
21104
76754
47587
30023
31494
55278
48389
46878
84177
14351
93894
35221
52158
76201
83743
60799
5905
12885
33136
79156
69565
27638
27556
5731
27455
47022
681
32543
61252
85223
10585
58139
38923
34363
37781
37778
26879
83696
4823
35412
34012
4243
70034
61291
84314
51754
85282
75249
43686
303
4999
25671
26679
25505
37386
88955
35044
14534
13087
82646
90320
30147
63459
22081
87696
61565
16920
34303
29469
64589
40606
29570
20907
11490
3045
50280
90255
5986
38666
78537
87684
36428
32616
15308
52191
69324
74509
38143
87975
79312
34186
53510
9007
80914
17265
63276
43465
57321
26367
11539
77794
62079
60129
2362
32795
7864
20501
81915
2259
8764
23375
48403
67246
67112
89514
60939
86512
33504
89038
42111
32319
82639
74371
39628
88456
64295
28088
72149
16832
37956
54013
24038
25515
74602
32321
26687
59224
16056
32895
54257
35773
91553
80019
73524
6043
25337
97358
17207
44549
22874
51510
46755
61415
44980
95398
39071
70630
46283
48493
63865
1018
48744
27611
88505
44488
41503
19049
73814
8593
62250
63703
53448
85374
92610
60325
69121
51142
20173
68711
31583
54606
40252
26803
17492
37968
48499
60267
18973
77872
19501
71576
29472
12379
34043
62837
29969
45666
65200
67867
29249
93242
76257
2484
43955
63646
44276
53906
90216
40179
47960
58486
2318
25846
53447
36793
57223
55457
83872
52091
37259
89235
41378
39769
90326
61339
98105
83639
76660
95281
42454
42266
9359
87250
29696
157
40222
41827
11413
16424
87341
8656
37162
25941
25982
12616
89882
85499
21008
37777
67448
27080
92173
26084
59151
20134
52204
93909
1044
85353
70235
89412
28616
57561
48037
32947
74383
74742
9757
72972
17447
73579
84219
7082
9529
8181
39230
62515
20743
52546
4060
45149
17561
13738
2828
54615
82342
37185
5686
91875
63409
29921
45513
46407
96602
80518
83029
43681
82978
92419
1288
56932
33409
74832
12606
40010
45210
15276
91778
8596
19605
12695
23151
55214
26028
30562
98000
547
26090
58533
90805
716
62167
64850
96320
91932
48303
34227
57674
38043
38386
4026
25887
84284
25353
66847
78750
91779
373
90722
42521
47123
54944
15616
80824
44120
76072
85750
84715
34013
57679
85534
35122
32170
28957
668
31972
90582
43008
90617
18494
70402
2770
77164
17016
79541
35989
22940
10153
85648
3057
83557
28712
39492
75690
58287
78103
6320
10379
3128
1195
51596
40297
56554
88870
1429
71526
63260
98596
72510
70375
96044
81938
70115
98592
74342
46685
88079
72305
7210
14980
73381
98653
11462
87577
309
66697
30805
87090
8815
49396
97192
78544
56607
85400
4141
90950
31625
18064
70513
42132
40762
20353
75008
45956
11454
95197
59684
73089
20616
62227
62348
66252
62702
90218
84380
18698
84264
19571
84686
13770
36830
81367
58688
51336
58038
62934
24056
36678
98206
34306
46034
77275
74244
7863
4726
23781
2913
61104
86692
67024
56307
76454
41823
84257
78371
7104
87973
6663
68455
69769
17681
4679
55690
73956
3436
5720
86597
62329
27846
73596
99826
37818
54594
89456
53739
98406
64752
16324
7182
56377
56945
38254
96555
50445
13997
48821
20295
8316
78772
67110
19318
68342
72641
57164
56958
66631
56414
17603
35056
19719
81940
27051
87840
13860
47696
28156
20329
72685
76605
66731
37412
53033
43665
26124
71909
34808
74563
52082
63580
70205
25349
30217
20429
81151
49661
65604
97316
60066
88444
64998
29042
70642
94754
97059
2452
29443
17626
72921
77117
96318
91539
93584
42684
82103
93124
26894
80216
24892
47677
11743
42648
88577
75871
69208
84319
27827
47971
18085
43537
33850
3288
50931
64094
62621
92801
57726
7756
13830
80538
2578
36123
19621
90783
65803
49800
76923
72967
84147
37685
59248
10217
67032
36920
5728
44125
66609
82066
34037
82129
92226
46027
67412
32756
29865
40005
92299
67229
20314
37118
77516
28149
28684
76877
16728
65622
22429
5632
17030
1197
46225
36365
10917
161
8398
15283
4380
32827
76161
80913
37578
25317
52235
89709
30651
29908
66600
65794
78495
64256
67373
98413
37746
32218
67225
1612
20026
26628
44162
10483
60120
60171
84923
34996
21304
44309
45104
64756
63101
40460
46279
64340
46244
27054
93457
68302
28436
45495
57943
35287
67997
38832
30306
39505
64459
38006
64839
45185
76767
24063
38339
94540
58990
43347
77671
73964
25151
50447
44934
45822
58693
35197
51667
35244
80676
35222
59235
85589
55557
42635
20283
71346
70646
79407
5701
81192
31893
53059
33146
81016
73898
9038
24357
54044
81840
48390
72852
88932
26903
81200
99929
5142
61134
42321
5121
10949
58440
22129
14780
12688
68860
16873
73243
84392
99496
87481
47946
81297
32956
74329
36085
18536
93703
61426
54103
16894
7906
68036
79954
82081
49001
63732
1957
64713
68113
42576
22914
926
24327
16352
79839
18280
31423
51337
71638
62364
92294
76459
57746
24020
33806
64148
83635
76750
47228
18000
2581
81407
29676
23192
43251
45789
20912
34722
37594
72836
24499
98883
36636
6112
53922
44404
94388
27595
95625
81610
35362
78762
26256
35392
73509
20847
92220
31733
76707
75720
72196
13618
80089
39872
33190
29804
71283
30972
98564
47005
72780
7955
45248
44130
33992
78819
95491
79678
41042
53045
80689
73136
75654
89584
25733
96508
96913
47917
48956
89656
41755
72288
25836
65283
80830
74220
90135
85117
96746
96501
46009
1645
63596
89024
69595
42514
65317
46061
37834
11784
13558
4251
90156
39279
19850
85565
88339
82110
19319
48565
53221
33179
21663
34678
44405
60997
97604
87633
26252
66825
85176
74198
88525
51191
21218
59132
18019
1807
33896
50955
50881
50431
23150
13629
2604
17637
9557
72890
28146
28295
37253
69555
67011
7837
11809
85388
17160
3822
38981
79901
5003
72735
1155
72863
8127
13570
22602
26922
96474
72250
2124
5344
29187
60181
55652
87568
82379
83638
77327
91578
12028
74108
70988
45096
74059
68761
36433
95897
95210
72502
58367
66057
58081
16198
39522
2436
93977
16164
78243
91768
49867
41970
1623
59221
58493
97563
3570
43302
23649
7907
3831
79603
89784
22849
4995
86742
97781
35702
37261
14176
17548
69724
65052
87907
81093
47615
37342
82791
98427
25598
68032
49458
21141
10756
34622
36300
55041
37614
12850
30287
34643
6430
73918
1796
15057
46886
3532
15705
59246
71877
65160
39531
84443
52771
56746
61655
89042
49199
25293
64298
29711
87249
96917
88617
93454
87871
10398
9155
29507
51073
54227
70577
79816
49773
68678
68772
83227
21671
72157
89628
39579
21279
77897
99602
67451
76372
99943
66915
41725
93928
72416
26393
51772
38726
10179
93768
53373
3446
90976
16035
60507
55354
86206
67199
29787
69813
35615
33682
48526
70410
33951
66524
29430
4608
49739
22888
4289
90978
15746
2251
76678
12795
80095
89970
83363
86709
38304
22116
93727
95289
18189
3541
2304
47062
93206
73826
64578
56089
60191
19731
773
49423
41356
90292
90841
10928
84360
8389
89105
82035
53341
66010
33976
62073
74259
50483
745
74215
98307
99307
85344
44703
26377
30552
16803
74588
60474
56926
86233
17165
29026
24603
97968
40427
47394
6278
7169
80190
86491
10748
57418
14301
47972
68034
71794
39170
54991
51549
84873
35648
46763
35062
40940
98456
64102
67551
57156
99747
95786
2047
91100
38868
58573
7789
49605
11568
70993
65066
80332
94959
1953
99120
99887
93045
57291
76417
97818
36391
23325
76218
6465
17542
89576
576
97474
97293
77354
77195
70683
7931
83083
4339
14297
54566
64000
57680
39854
1971
16756
14976
94112
38929
61185
10981
27153
3050
94347
55883
99630
81128
85866
37064
29833
23640
47157
25169
7929
56601
38121
57454
53853
4955
55821
9349
75985
38314
27614
60322
42467
41804
31183
88140
16523
39461
8204
25621
50681
58136
21460
53193
26615
1392
57574
78175
73093
42222
70757
4591
71060
79110
98709
13401
42322
31079
89878
14547
6371
31928
34661
4521
72185
71065
85791
55605
29346
74128
77500
60041
18316
56860
15592
98162
58460
60981
15041
32264
64907
34399
85455
45802
67384
68667
47225
660
96299
83615
3508
86623
52349
63458
44273
36996
6780
83040
83356
77582
15823
1538
17897
6871
75563
14622
33233
72750
9595
33021
30183
4785
18388
84016
70784
74975
70166
48132
37023
36271
94135
96625
53151
24399
15768
7254
97141
69564
75016
88622
19862
92880
46198
24969
41214
49203
78874
83811
27518
80422
67881
44693
73553
53478
94944
30033
36452
56512
77564
22832
97804
75237
20637
23520
8826
47898
45709
79047
45445
62728
49111
77060
39169
68662
37074
50032
5555
195
7847
15128
33394
88595
1248
65754
79313
8790
18325
56600
77440
60472
88546
77747
8429
62265
17298
16636
54053
48416
34724
74787
4259
37454
98121
28793
49623
73205
64365
24882
32081
92422
83049
48453
16345
71140
75904
52478
28960
48216
11354
24016
23544
40020
60445
10334
45963
73482
56172
85745
41367
6269
34265
95365
66003
18655
41129
18637
79014
78713
53196
37079
71432
48862
6656
30610
10752
65860
63555
27820
51791
58092
21117
98156
4166
14562
67676
47884
34755
83734
11487
79457
51059
49583
42385
10627
38139
89172
26877
85593
47031
44863
75091
76366
76840
18839
74444
76070
38701
22609
26906
49828
4730
23208
16876
13163
8024
11986
12308
10781
8
11345
2695
52475
29893
25885
40438
71311
566
81575
95433
38402
59463
58512
25699
91960
39186
49501
67071
46736
10193
75500
12175
81347
51032
58466
79256
69085
31330
61105
72854
88428
64241
62683
92296
67972
30820
10373
67937
13549
90625
58976
82871
47368
31263
46047
10350
97478
21851
37539
6975
31276
73073
64223
28733
74621
3582
10710
12763
43157
18963
894
98284
9230
721
73070
93839
72238
6493
95144
62436
11831
4600
69828
67618
42233
14729
44377
72374
42996
79614
94941
37896
80776
35024
82139
40255
1146
9088
478
15641
16386
54757
1627
43921
59991
96932
58545
51489
406
87051
61306
35322
49196
1108
85013
25638
2870
41668
64407
65931
29640
38299
86767
85365
795
94441
18805
87582
93185
4256
34618
46231
93064
89504
81244
74261
1551
51135
25564
17985
4930
58491
80880
34125
12311
26272
42227
13189
3513
36511
82717
40545
93539
7965
95605
1403
60542
63402
59572
57759
94853
66637
31922
30905
45230
14587
7318
93809
52387
39665
26500
50245
21122
50461
8460
90206
44176
14345
27668
95209
19807
6796
10811
41919
97947
4863
1099
83462
50958
3716
4028
33562
5931
2575
77665
51714
52212
67601
69780
53852
16851
53104
98618
26303
9856
51553
40126
85416
45168
53602
49647
90640
50349
36744
32275
34837
56221
15865
16802
26886
93474
96480
57618
58016
28585
96047
11570
76953
30606
23355
15999
36107
17747
39096
40446
48896
9685
28920
54060
80564
77497
65475
24053
76158
81843
76640
8442
55034
44714
49703
64061
72225
42198
63419
8476
95496
56014
12558
92657
79196
76268
64317
83081
86498
82541
69574
2607
64922
91863
27462
78436
46389
88668
10499
39509
80846
79939
13046
60062
81419
98847
54196
7793
45426
28614
20008
8938
74041
54807
33654
17483
584
37202
96164
15203
43383
52254
34116
59632
30232
29533
45790
27219
49176
13730
80731
9476
4226
46316
14356
25033
98442
34988
89549
20054
501
45275
20721
35895
18368
9570
45712
5441
1107
96542
37517
57527
85324
14949
17164
24230
55495
79158
15171
3036
15281
30299
40987
71416
67416
94234
94377
17837
98609
72187
5556
91524
14686
10417
44334
44984
56186
60619
98016
86063
33470
34412
2848
4433
48337
16903
79525
71057
29973
94626
66960
83094
73371
32779
55208
24966
83853
13964
38614
88678
71893
54006
5885
31237
695
60342
20926
14950
49464
87811
10923
35303
4938
69172
4189
64515
62395
60392
45879
91215
65937
68639
80413
79757
25867
68010
98954
99888
90201
80637
11398
60867
79290
23443
23903
12282
40064
46099
91871
753
74512
13197
19580
70606
83159
16536
20857
19050
69768
36053
74926
51058
9039
22613
50814
9533
52050
84223
83549
1286
6191
29440
35250
64195
70583
16103
17208
45534
54576
39450
25055
39316
16017
59436
88274
62294
67069
34517
31342
59461
62430
48153
35544
24208
55271
78180
77393
28416
27768
72709
72386
55195
58579
56792
31299
78326
11216
81012
71697
65572
83366
8095
29207
51852
89270
51625
49834
5546
71836
8117
24933
64984
69146
67818
42614
78119
76764
74116
46622
20975
63351
20126
31641
13462
7359
63141
59050
65990
25227
88388
11590
61496
67672
52297
92300
40527
30368
18013
51453
88022
40510
98048
27034
98357
97762
32174
86130
65592
92503
51317
59065
13428
36450
86166
66395
26650
14819
83018
53295
88854
10690
81009
93040
60554
89773
40746
29660
80812
48033
70048
72398
15329
26932
48023
81943
40706
66180
40873
56370
23698
12677
92236
72752
95165
2496
9745
23763
57650
17064
77263
56925
39723
90565
44450
21513
74890
46705
33012
26826
92997
58112
16339
54478
87850
44943
4611
47552
91934
52965
42273
30872
94281
44572
77318
14446
98984
399
6480
51399
8956
60785
11215
66981
17657
62734
71077
41788
58647
1265
56519
21731
99071
85469
78288
74424
98422
97363
74941
82852
43398
91417
46850
52992
46230
16979
3882
37530
62504
39180
46613
72771
8115
91943
48525
7888
86780
13775
30791
63192
93559
62839
65516
27985
15860
94350
49089
60130
64658
97652
87879
98169
82890
49889
22952
62369
4022
92450
26209
5300
60427
34340
87409
13209
6050
13773
26962
22577
68627
32350
57867
40476
33403
56882
38560
81145
37107
69792
80652
621
2152
52287
87460
21709
95373
1303
45391
7184
9118
9813
25383
4849
56016
43090
71555
75769
68780
2332
41952
27950
5141
82008
23361
81556
53351
43714
9429
87184
62260
69807
51969
22995
25898
52807
94040
1859
5562
15750
92403
69926
65821
81392
68268
25932
74069
54827
32423
7866
45142
81094
62322
12440
21567
49400
39850
70113
92957
62420
65264
13126
22496
26889
88179
10985
40751
53
84530
4494
81873
48326
84523
50719
25672
10653
81603
63249
19664
94528
58106
46632
9738
48413
99533
65270
23360
6473
16866
36242
2623
31105
15131
84311
71236
9390
9804
3254
44440
62821
53367
11882
1656
27760
76808
46153
77672
37003
49975
44939
62900
4100
73764
81904
96453
68046
67704
40288
88486
53469
98667
21472
85875
66978
16331
14629
53217
91920
84415
21399
52377
38466
56093
3278
35530
95026
63557
24900
70678
56525
20013
89249
13214
93899
38054
51168
67403
76386
84542
84442
16678
3483
83292
48943
91656
24879
29097
62605
96883
6683
68150
61122
18622
89681
28822
50452
33646
30893
14777
14624
41385
94796
20065
28297
72883
16760
50786
50188
8114
3360
59655
38585
94358
94061
17397
86293
1373
74782
85466
46229
71300
73969
70440
1359
54291
74858
83073
26078
3640
64344
60842
53100
86297
91108
81146
29817
33319
82841
98416
8975
28900
63551
14784
69251
39159
47242
15935
60565
57217
45191
37039
8100
34129
6475
14342
2872
27982
38482
90404
62891
38925
87930
69396
28349
60400
35421
45220
5444
61964
57348
36341
35282
68515
26754
51029
87201
78513
67471
39689
85833
25350
95789
24258
74927
23645
79544
87371
47020
44733
60492
12305
69115
93837
44849
11481
88198
39992
94089
12990
66958
17573
17029
94894
70517
33812
33367
5527
81642
99654
50229
91826
12977
91190
61036
67223
86241
52854
70680
63360
67764
43545
23642
29068
58643
16744
96105
26593
78411
46133
33234
99656
43259
8775
82636
30536
26768
32999
19953
25393
29468
2090
81429
31179
50906
41407
60355
25014
43944
91676
12135
89403
54309
13458
78130
14330
81089
6241
96933
54163
4364
82034
71839
35302
53946
60208
19192
52376
72619
88180
75021
79266
48279
52723
62295
9651
4881
11811
71332
24635
59144
62669
1105
55114
58144
95746
1397
60559
37587
92544
34197
60000
70701
55073
81793
3258
89375
65865
72217
59321
39802
99226
70983
52515
94323
80445
78889
53542
43450
87003
13961
60697
51729
85413
30666
17827
38331
59226
59738
54239
66089
20798
73429
87390
24431
16923
67710
91715
4477
708
29228
2403
55087
53993
9564
16657
82887
59212
13661
6382
79601
25354
57708
97302
78604
60905
7909
63588
30809
14101
49035
98133
58167
2879
30965
97585
92896
92013
17118
96121
65564
72310
4125
37320
55014
81320
15993
67480
4307
57711
47866
72421
43424
51354
82946
58822
94892
36584
595
71363
7962
45684
92059
29295
12114
29597
59960
12612
7949
32356
7447
49628
84355
19575
23019
80448
59693
25487
43366
50318
51894
88792
48035
3654
87373
52302
41371
47023
15138
85569
786
7443
50200
29879
96237
62642
95540
59942
63635
76408
82073
55952
18693
26965
89200
7072
15065
88549
85741
57753
81665
65368
93931
8499
33363
41194
34795
95767
41526
16671
61093
96021
78956
25396
39183
3942
541
31965
17942
66980
96514
10080
64953
23262
41203
58996
62658
92772
36031
92899
2072
88978
91988
96203
6184
27731
27323
66755
55813
50494
89553
87489
1917
40059
39123
19190
37597
23993
85010
28460
82695
50692
1150
57104
24384
78737
79661
41647
98600
74968
58076
59136
97442
31701
7788
53336
23136
28245
84578
83429
4723
42272
64881
30801
32831
46278
61249
20679
73400
56284
851
54272
99721
67736
16891
39951
39045
35273
74629
28764
65719
41969
22214
94655
44311
25869
58946
83308
15612
852
87441
7387
58077
18255
13391
98499
7038
4107
4522
28598
15508
20593
20549
29797
39276
2906
87408
88350
20795
30377
69087
32673
34539
59506
48179
10753
40307
26567
15729
81985
54902
54267
18520
57270
12652
15780
50565
77078
30779
79964
44262
66440
84449
71953
43167
60112
55542
91342
10562
17798
14589
66866
60454
26182
35933
51026
15856
30530
64277
45704
69027
77146
48864
51774
79606
78483
71164
67959
30567
59254
5162
16790
24590
86456
93976
53632
41542
76116
92711
51493
50390
58013
56880
73336
74397
80539
68681
74515
60228
31634
26239
66273
27195
66640
86129
60230
67921
23251
41308
96798
6022
21316
2397
93793
80122
62339
6057
86683
18576
87952
8392
89478
13208
48997
34878
25602
49268
75570
83360
18090
53301
97116
4121
26714
21490
3873
21095
99795
31483
577
34095
27835
96291
63584
99238
92895
70475
4625
72427
33500
28722
4425
42626
19837
45133
21453
85026
66742
30336
33279
21603
82691
66219
70157
2645
80159
3899
46321
83427
69940
7708
92266
23002
58221
95331
83528
55483
36263
34246
80302
54787
18326
56898
23111
32209
71205
22535
84835
17946
78303
31403
19092
71026
70890
48125
66762
4982
20731
88462
63850
21785
23240
36355
87163
59642
4480
32301
63574
92650
77273
41703
79303
3186
33967
65083
52131
32408
81572
40489
24901
13511
73555
4207
88764
22219
22975
52367
86221
87157
67420
72899
94030
69535
72920
52195
29114
52779
89700
50077
88403
65688
2985
35829
88209
31907
47856
6620
68773
97361
5330
43891
44420
69190
89164
79516
75872
93959
54311
59107
57503
33923
76232
63095
87996
135
47195
93188
95896
97577
58931
63420
12350
22448
95689
34169
10205
34401
86504
58312
11418
32437
34588
73663
86999
92373
38134
93232
41411
90790
55156
91302
73929
33448
15646
3467
83207
36262
53233
68039
67904
82558
47357
97175
51270
54296
70587
20673
37047
77424
89935
60830
70178
40147
59652
91358
14759
58389
91942
2816
94693
98302
36967
22642
46136
11289
7106
27644
15981
14805
90720
51590
70321
55682
22974
42604
90916
4321
65854
7307
17951
45566
97398
84136
27573
56191
5616
61816
78379
60969
60682
55030
97673
27511
28607
79209
26305
24680
93815
88887
82133
30800
81534
29345
74446
36877
30604
89133
28937
71191
18015
93936
22873
109
25690
66928
78722
12033
51934
41474
79187
21290
13118
51074
96914
94325
4328
97575
71050
45447
25864
39342
68305
31478
52985
99819
16839
15816
77081
86648
72445
98810
20046
24962
85381
79071
2744
42727
19910
56312
27119
88081
97303
41116
28995
64530
51235
4359
33930
56652
78587
94532
62182
65369
99815
84954
51850
54564
86036
49883
24287
6485
41595
32294
67508
71937
21793
62435
26386
41253
41927
29390
92744
13951
736
29282
87706
39991
17671
54481
15482
4036
66773
1299
90438
39503
56270
67958
7681
8041
9013
47700
49407
85347
48122
71968
21504
62923
41176
66989
26817
45604
17653
88409
64809
25848
13293
73953
86295
41029
84716
81478
17312
61788
18800
24587
25921
87789
57849
60986
60758
31660
67388
56716
26845
14580
53842
3347
20392
92948
65378
69209
27145
90595
86610
29808
55489
41672
13651
55070
47491
81172
38708
84811
82619
91046
50426
33125
34780
59140
20150
53292
71509
23206
72605
47246
76974
40946
17301
79831
44969
86227
29689
78438
45574
81454
37304
68824
88207
66732
57636
48882
13633
21545
778
43054
37308
7928
27199
59494
39208
90141
7828
46795
55200
31075
32553
35286
29321
53438
31537
85281
39688
70827
13720
82349
17204
70184
26169
76741
73639
1728
5678
22014
72907
17988
91735
39572
72455
71491
76308
33382
52572
39185
86720
67721
25125
13982
34005
92317
84648
39844
15258
99514
12094
63246
48626
60201
80765
12491
53356
6778
3756
98201
46753
20104
37867
68700
94389
27582
68530
45205
23564
66067
94417
12228
90592
71168
45882
43150
71007
80956
84804
17186
21843
72637
17384
16391
73315
20995
82980
37228
61931
87495
47489
87302
9424
28123
58966
29554
1306
68030
65749
9741
78562
66019
56495
77853
66794
37904
49106
65551
22469
46544
69811
6063
34712
42138
11857
24937
83957
60999
48355
72453
87061
74931
70043
31273
53184
44967
14309
97087
49299
46319
48427
73120
55280
31322
64988
10932
94037
62967
77244
30407
92605
2335
89254
23258
75928
87654
53960
47813
58315
31500
1162
46318
72323
71818
54970
14149
42008
34396
85147
29810
27453
33219
48547
64132
34173
1597
69487
5149
63538
35609
74894
30334
74726
50182
28528
30006
40587
26308
82958
15092
70796
14731
86560
3737
66203
67114
59879
95660
32718
49171
53412
50507
82615
3231
73016
99839
40387
19755
23633
41031
71631
14473
8941
98287
40684
36400
76039
23351
25340
85227
38768
90247
69463
89294
75434
4854
36204
54110
92616
15200
83553
8310
17078
54084
25301
22068
59778
22822
80341
84102
91301
19142
5114
58836
2313
57989
84454
53008
9800
86850
65450
69772
32478
38663
3192
56268
31099
15303
90397
42424
14527
95299
73567
77870
88041
96939
59241
17334
81240
50355
344
23801
18744
58521
23060
83850
31809
64812
4066
55160
38804
45125
85860
54989
15302
12214
90130
74875
12751
74499
60051
17142
77533
36527
30540
4921
19418
63815
74007
29044
81953
31512
38500
83278
61523
7552
88348
39270
18469
49545
7149
64888
88814
63907
35669
27252
2282
63274
86305
54703
7257
12067
65721
40284
34644
5233
42997
58760
79413
87556
62067
10266
78342
42825
54153
68170
43027
30898
85043
86979
47507
85326
21992
99359
25243
27220
89082
89847
75825
92889
95571
56551
33230
60548
62798
72163
27716
52536
80036
32050
37892
22331
54613
36404
47560
48803
49947
17759
63222
22244
54174
57326
34105
76550
32674
4748
24938
35734
49366
53623
52976
24406
23261
98184
20251
71367
33039
70429
99066
86188
18218
10252
7039
4998
62231
67447
9617
83405
91404
10145
43549
26910
83092
17721
53601
39326
78831
86191
52225
17053
60205
84244
65146
73646
66542
25726
3442
97010
69383
75232
90601
61590
42182
99361
98572
75466
20123
89237
10057
95488
19803
85711
31107
49021
1509
12477
81971
13267
24761
36550
15702
244
64327
55332
60777
53669
48868
92001
86100
16113
24453
32271
32318
7075
22828
32857
46564
43582
43282
39839
78543
98066
2109
67320
52034
85773
44578
87950
1443
20771
97071
14362
19313
93801
61129
4798
47496
35083
86726
23935
75882
87799
8032
32912
42732
67891
37466
57294
38853
82468
75657
39311
65197
12484
63441
79332
19126
21262
19922
52306
77092
36576
44326
63949
21912
40171
8452
11845
31048
67230
17857
94972
13704
56420
94246
80587
79666
49389
44006
88381
26100
82732
5034
14099
39714
30619
6775
64497
50918
79937
79517
36741
41643
26935
95694
18184
88907
30597
34776
46037
34523
36189
25429
84719
12566
96344
2314
90329
16483
10725
58824
21836
77802
80752
47003
19234
24973
2225
94314
61862
79067
378
82148
73615
53037
20882
55022
34729
6742
35471
88987
7664
46561
5978
94248
30248
68600
44546
93766
55792
69703
7878
44269
30899
46958
37638
68633
84669
96535
30473
52392
72336
45342
16325
77987
10714
20205
60397
24924
17394
41247
62376
42714
71924
32487
81616
29916
65370
59710
17013
24865
56440
58244
10569
92420
23404
81682
91212
54236
37327
41545
41450
65702
79956
46195
96227
49075
70342
72581
83068
13650
2056
14648
79842
52259
43587
37048
36487
28041
18147
14760
36327
38504
73531
43033
25119
57299
19174
11318
52229
31973
30403
5998
57702
56396
30012
4009
34504
21539
71774
87953
72247
55762
1865
92058
6128
42362
43804
18374
4068
97800
44043
46602
45035
30128
21822
73251
58899
12069
12525
26104
50731
20856
93226
63921
8749
59725
27427
98902
92131
14032
23047
68074
91151
77191
35904
48529
16576
33996
58138
45854
40017
41145
61076
85292
4479
95333
49078
57214
12178
11798
53523
38140
99765
22841
51494
63731
91464
67404
45521
9074
81649
93309
76396
39734
59958
76856
27712
23687
42561
66493
9480
59267
62828
35853
53831
26381
388
36668
20055
48904
44257
82825
92062
30928
54062
65470
23306
30210
59638
39825
83047
90358
66483
34296
7195
34562
83741
53755
54605
73491
53496
5346
4474
48621
29652
77331
58454
96182
90724
18393
68707
66971
78415
10643
76600
99979
97232
56970
94292
54825
9190
40388
65570
39528
12219
97691
71820
82592
14238
9369
20513
41086
20947
57336
79101
76843
64052
18950
4838
19360
22878
64864
50652
35193
93133
72017
34582
50102
80839
12278
59431
22632
2167
96772
71138
69292
1320
94255
60385
6849
55253
20143
44842
1684
4969
4677
8500
25270
20577
57403
90563
56246
13988
21197
86641
57398
38118
9728
91651
33800
98409
13368
67031
30270
39507
64394
84110
52098
97187
11553
46812
22380
30151
14076
76582
74838
88322
65492
61732
69996
59437
88683
78688
27569
40162
98612
19999
36318
35990
746
26549
86442
39923
43317
80402
23090
79427
14109
4571
4427
46941
60100
2876
72162
17838
70413
36389
90029
92457
16655
48398
32903
47110
28891
87389
74821
63447
91848
76811
10798
24757
23844
22850
31152
1702
69623
63181
4217
59154
16165
91275
84491
9700
30788
31083
39401
69632
84080
64827
31542
44694
97656
87293
96868
84473
14951
14715
39976
47336
39564
57249
8312
11287
33852
88648
80680
58695
4922
21588
92476
13999
83164
5925
27
23054
43399
85131
70286
53576
14995
64396
26201
30513
60166
37053
52684
23720
61305
24445
8236
86006
30907
65222
31045
40517
99334
99469
87892
73968
94981
94784
5698
30675
25314
21251
44266
3895
39933
3406
97667
2345
96807
22408
24097
25097
2400
96609
69028
2706
19763
623
19566
2678
48983
54368
39356
97286
10014
4609
89963
55715
55473
31364
8262
83540
14954
92567
46904
72112
82474
43638
82094
51066
47418
84414
58726
93957
56209
63634
58629
76725
23736
30354
90969
74976
86034
89687
24825
44561
11573
29872
21619
13620
15483
45732
27376
40177
29294
97769
83963
1210
62511
38803
7511
83568
67431
50308
20941
29362
17036
75065
34967
41449
92394
83770
79960
21688
94577
65911
45857
62286
77296
91992
65159
61299
76225
7919
56859
88715
95645
21486
63832
70753
65586
73364
3482
78211
15122
83065
23496
52347
74190
33788
69126
80280
64508
61457
73852
38829
44188
4582
19934
77320
10625
79732
62431
81555
61124
99626
56215
55378
62201
83226
45364
92505
7301
20794
20843
28590
95010
85526
94399
676
51893
90408
75315
89062
78186
20264
61658
48012
6984
24589
14306
83686
75072
34357
38617
47572
70392
47066
53488
86420
71728
83603
11069
78888
44230
17489
48483
66188
43301
27134
73990
94546
29049
54746
18591
34174
77962
14969
31017
68299
57626
4273
23345
62854
37910
70741
80126
2979
77647
82905
81331
98493
53626
44783
15144
96518
65833
94500
59564
79550
51407
49461
16715
96998
31171
38762
54665
21308
93496
22318
70916
96494
88465
20275
28180
31997
29301
66804
37296
73667
3479
20951
56861
8457
13588
38640
56281
71289
13276
53599
61270
99884
53933
13680
36425
26240
79464
21779
12415
80282
89472
13367
71781
97672
17057
70556
38126
61404
63121
99835
13591
81206
47097
90455
6918
28070
20672
8126
66900
51375
56049
13527
33339
54922
15401
85267
86924
97053
41149
17079
32883
24626
8475
74552
96622
21735
48004
91839
78644
93833
81832
30453
35378
51242
98631
24997
14256
92928
15419
97490
70061
49625
69501
63845
22372
21263
52786
46320
91414
89265
9582
36886
33956
90034
98736
57190
95577
62554
50370
86089
55985
55065
71095
43200
73465
79974
18313
62441
60152
7063
21578
64863
56741
97471
30116
54878
43992
83418
66376
73755
19445
94606
81868
97768
80869
19900
42809
15651
59972
44446
34070
24956
73940
78042
4281
59526
80769
46979
85797
16725
69371
31340
87914
99003
27491
33522
5612
31825
14087
89877
61546
13224
48666
78797
94202
14408
60823
96335
5127
73729
56769
49707
24421
73281
96828
73455
44215
82548
79410
90055
82427
7886
597
81360
9307
60142
79328
53734
7734
80274
1321
68541
74639
32564
8812
4041
89291
72656
95568
43905
93115
70756
29515
72171
28075
17014
62981
70596
36887
89320
48743
9021
69129
71435
33495
38264
86118
34709
21
30184
28407
29536
19470
27859
77042
36272
35925
11184
77211
26524
31443
18060
84067
25163
22396
43304
72057
41226
90291
98986
56264
35805
62724
21154
85715
93179
6432
40201
88330
19555
82067
36432
74982
19059
37645
6618
83780
68275
63060
36586
99775
49710
81636
25635
13510
83629
21640
35723
24155
13478
49294
85764
20820
82165
11040
30758
35538
78368
42766
19568
3159
83158
31187
48917
55554
27076
13867
44288
53928
78940
75471
70819
10795
97399
18277
98489
12224
18875
83346
19443
41905
70257
96191
38458
13876
42118
92623
47900
86183
10805
42791
47430
84468
75352
19345
63048
48495
16581
24252
15610
89790
50414
34545
54208
69183
83157
62569
50225
62486
32461
3119
93434
99465
24136
9574
31554
27531
97235
92972
42698
35707
73552
30382
82819
86056
35515
7609
18529
81939
54214
55173
10931
743
15322
15347
22826
41546
4478
14573
73670
10775
21021
88916
39421
65868
7606
43709
35927
15121
40530
11269
37314
13998
57912
71764
16496
23009
30760
95697
317
95776
8090
80388
28969
41908
63215
96383
83930
94410
89934
20067
72990
73781
4378
23457
62726
5660
46382
44638
65888
74490
66109
87519
16578
45067
60086
91584
41511
89839
33552
67083
4431
5983
72984
11416
6513
72402
21138
17368
3889
91206
40205
24449
38321
98281
3032
27525
74614
20044
88293
59759
32973
671
41617
43859
42800
15337
58401
67258
59152
95895
66216
51454
22453
37353
99186
78302
87622
89964
17817
91184
91740
97312
32627
15479
27009
64169
92140
84535
57031
29366
95831
78084
56611
34847
53835
30461
14062
39299
40055
10447
3153
94529
52117
53964
40538
16934
46251
78313
3715
51577
2189
79474
76793
25052
82491
48121
24356
383
54978
8763
94661
26986
36928
14602
28771
64444
19455
82853
2401
19565
56299
82177
13519
27424
15206
37073
5143
68229
19475
8142
73621
57836
99559
63573
68271
67577
41013
31710
52477
87809
74450
58934
72515
26998
85816
85556
80806
54188
79892
26657
80954
7915
31100
69998
54530
28578
88914
5463
57901
42932
12432
82357
84035
93639
70996
61241
11505
2081
8842
32706
87997
64912
55665
79426
43266
48115
95880
50130
15115
16053
54088
3748
83487
88418
94516
938
114
25076
408
25597
78766
56063
28479
19749
96830
88319
43071
73894
78004
40922
59856
83546
38016
55948
34231
44160
41814
58520
91258
81255
96962
58015
91415
53630
40356
50832
33283
81784
88989
80217
7879
57159
98654
39958
3488
34568
47701
80105
1367
22984
41618
90669
90878
68925
57439
38993
6804
95152
62220
10489
55324
14250
62641
58905
67439
55816
68810
41302
51095
19019
62883
7519
1157
62502
44894
69086
77395
71977
94127
41887
61013
97635
35621
24405
57888
88476
58474
62225
4192
67697
8345
51926
95416
18688
85777
49833
47715
61280
16473
27234
88317
34090
98732
73385
59585
65810
24228
54312
86551
62298
7872
48029
36420
24311
15507
60103
11242
78905
7605
67293
36913
85549
72835
65559
73450
1749
22789
82123
55915
45249
19134
3171
63059
27079
92908
9149
14169
34444
75398
94843
85464
93568
17176
73183
16136
25755
53841
98585
87698
69270
60762
89975
36004
33129
62305
32064
50822
28792
52125
83238
92271
83529
24041
72739
69600
84291
46794
49999
38772
10740
77382
75210
10576
93088
64385
45095
74849
28379
73432
12201
61730
97558
20729
98090
66254
6100
7854
76055
65640
19034
27312
95730
51021
17748
53056
62126
73967
88909
20226
43722
27320
93131
96303
77944
26167
73774
24939
38467
49082
14680
90526
51716
28394
44194
83019
48715
92187
60938
58394
3385
99224
54305
67318
94864
939
63851
71071
64349
80403
38687
86866
83584
89285
20368
58057
16707
94934
31078
86461
49115
39686
64892
75787
39010
53900
6622
90951
45294
61952
19870
85070
14710
16462
82859
15325
30203
39320
86064
90261
85233
46417
84837
21514
81460
66054
53643
27896
30386
86935
563
61552
25490
39791
1795
24468
41593
3137
85987
67522
49702
71554
56081
57461
20463
69474
58766
14644
3643
83435
1464
46945
60428
11288
37505
46820
53064
16652
57437
19427
23550
79455
27811
98975
72566
36296
45464
80712
69635
67819
29519
47840
1200
36083
56556
38597
45602
97876
79043
84541
66986
32104
4897
80759
88435
59380
10139
1411
59427
4099
33040
57518
74092
52925
6285
87923
26314
95785
34788
43845
95517
37331
61951
5822
85899
98174
29070
13494
45267
16714
60047
97402
26338
404
44949
67082
2883
83822
58848
79709
93670
50996
16219
27304
58531
28786
41122
19777
7688
42014
16359
16222
22991
3183
15559
50579
98397
5862
1777
39811
73105
65635
97579
99202
34325
16319
25197
59032
58346
99471
41148
86421
6687
51385
8946
41101
3675
52595
29565
641
90980
95305
11714
83134
34802
17094
36842
76038
99506
59737
80721
77369
40323
85336
45056
91489
15255
62424
3247
23696
89056
35952
70668
10338
65218
64460
32741
29185
92579
76058
21608
25842
36737
91824
38068
46077
84636
74248
10281
60278
64029
38827
35199
19413
12895
71474
46059
36096
30201
18309
85308
92707
95113
85803
71180
74350
68665
18908
95278
50883
49610
436
72224
90483
96615
37705
77483
43449
24814
76661
54102
49620
80314
94713
27362
95361
41722
9826
28606
91131
50279
96161
58721
10403
39626
24555
42097
60052
71399
79330
13974
34594
94666
52292
81247
9746
71107
38166
59041
97532
29132
88569
46885
73721
47080
96586
29227
85272
35750
46525
20778
44752
51618
40521
78984
23292
18528
70152
67765
67078
97833
464
76237
58686
1135
35628
89591
35505
46486
61228
18833
19141
41368
35150
26085
90947
14117
48580
30225
64889
33309
12072
75819
96700
34923
44302
38875
14388
16185
65752
31959
69434
50388
59130
39753
95346
83124
56474
21469
70736
21229
7369
59557
88346
45030
56274
17086
83213
39015
85968
80532
31872
55526
20916
99579
99062
46683
4501
35132
66826
63906
35042
54345
50387
67204
27592
69889
91630
98628
88384
48686
77203
1064
334
62932
94940
27231
13602
18278
51787
5853
99709
7278
48628
58799
31071
4329
3226
33401
19614
47016
60876
58443
89377
66415
28328
19067
42616
10312
68063
21562
3696
49922
98887
18703
69036
79173
57244
96403
15629
83389
69787
52142
30221
68346
19948
323
50015
16271
12841
22692
89906
77865
31897
60373
9422
26276
66279
45107
82930
82415
89751
17666
12329
87913
9407
63203
95688
1239
99032
94605
14128
18361
8384
47335
56814
55155
57480
31908
70708
32611
12110
99141
50589
72446
43696
3134
72838
18112
52010
5553
62114
58452
42679
79514
96004
26556
87474
81118
23600
12617
2811
27413
86256
84978
82839
21520
556
62018
9242
59762
86552
62039
33877
21193
8002
80038
24290
31782
45407
94280
4797
43865
3980
14751
20017
35519
84120
77214
80859
17227
60158
35301
52072
77869
32272
58010
94983
11000
22527
34329
85111
76768
97913
70667
77932
95258
18944
27849
44001
93346
27561
78264
28420
95475
18365
62131
82274
61334
14413
5734
67725
88141
52783
66271
66391
21633
19080
1224
87533
75540
3098
88083
19632
78865
63795
7183
3012
43037
47948
29327
72758
9699
43893
70935
42412
32147
71594
25005
27446
49805
27148
28527
18262
55288
58891
24152
78735
32013
8978
56518
17575
27867
22663
21491
18457
60424
58742
41071
95338
41573
1535
6071
69089
26813
19639
42849
89466
87132
26847
43888
42332
242
46957
76345
97439
20641
30478
94701
35345
10832
80456
78444
6543
13585
29788
82602
83417
74299
4407
69280
40808
70640
11461
2931
5221
21615
26958
73673
28934
4766
94862
47434
89650
17189
48754
82337
59688
80799
43967
15425
46585
76
26871
82472
91094
54002
16131
13280
64599
5622
65416
9367
34989
13806
64254
56169
91558
81738
41204
88890
19814
35994
43377
81020
4718
71950
45660
921
26818
48764
55769
28522
46368
23573
26981
78899
33509
29491
60349
93389
34150
69305
74306
62070
63831
71644
16223
31396
1920
72501
49324
14464
80452
22504
98317
48112
81308
59238
24216
84799
9003
39710
28353
84448
60655
25394
92200
34616
46750
19304
69237
64916
57567
46185
38857
18430
76733
26502
76223
81865
69696
5025
5336
18116
63585
23228
25998
47797
63050
64564
30500
49565
65231
16557
18308
29857
37993
49869
43005
22191
35820
27303
62851
15397
4602
89393
13460
2609
44856
54005
29637
42924
52132
96697
81220
12373
55211
96498
17325
493
40703
26042
88778
69761
64196
51665
41202
22949
27025
37886
95463
59637
24667
42692
74770
47727
42818
67678
53686
24508
57499
9197
61345
7764
12753
79480
94999
64202
48240
38554
13782
8348
51071
81463
29658
12357
95955
33119
82707
46206
14594
45892
7320
9220
7222
3911
75753
19844
29005
76026
10284
14633
30936
22376
58947
424
64697
36209
3730
58310
1268
73130
94717
76390
57086
96934
83995
24083
83178
6926
48787
42319
37698
2042
73472
77736
63810
69616
58099
70370
25238
48692
52501
17756
65352
8056
29263
20234
87078
95248
50154
96562
46946
24646
81298
34261
93870
85922
23610
18260
95708
95670
61227
28738
14296
35652
81100
41834
94988
50592
93824
39901
86464
43787
64055
64283
19757
87073
40016
77990
37691
634
62393
17742
98451
15515
6276
36914
51167
4653
33231
18144
28989
9888
9814
32398
38624
79529
39610
2685
17760
69481
22478
88664
69224
40056
43644
50980
61069
37504
11774
47393
28918
80672
15027
35059
72109
2127
93098
48991
75469
56613
77219
25418
10054
11160
13179
32714
43139
55934
66619
20919
21768
85563
97241
69327
96082
36620
37460
1298
91268
65503
67899
53481
39470
20818
56990
57633
94419
85647
33402
90456
92334
88749
42203
61346
46669
27143
70325
5167
85582
63908
40580
73706
11574
22860
44926
18678
85751
28182
73412
51573
71262
41420
49941
69205
78286
16943
18355
62358
26600
65365
15105
55630
2091
68550
38318
63382
50273
89682
83022
33250
19075
92261
80035
3551
39292
83981
27758
27535
48059
6676
84047
29606
44698
29281
94048
30947
95682
32508
93445
52327
37248
88220
2619
66550
91408
33561
50219
65188
31108
94839
2177
40541
71990
87492
94716
27069
23107
53959
44433
32763
2228
24337
53044
65679
1329
79472
52105
42546
75250
98358
16145
12807
21478
24137
93990
8224
19315
52364
73872
40018
22270
18391
4727
5145
20043
83272
96627
86224
18366
71257
37671
39560
86352
24113
5263
62143
24526
12490
31116
20573
24322
16464
85442
23139
37329
38220
26810
22438
54043
35520
93257
34051
3714
20091
15024
77837
28856
27066
96792
82511
36516
61903
3996
31468
87283
69588
98183
15685
80527
48290
4617
27882
65727
46367
94998
50473
60860
99132
11111
74271
23133
53126
44968
11495
20386
46863
21159
94952
19637
62755
55540
49468
95237
3767
15099
60344
69939
82020
32203
53560
72175
53663
57046
5663
93259
75180
35170
31627
93155
33994
71958
31755
9653
19001
44086
61382
40500
34370
29267
42262
91292
43939
47304
91056
341
47693
21306
82817
19725
56428
49816
3765
28461
96132
60395
9994
42057
94014
16962
1938
9626
17126
52909
79921
40324
44395
15036
15079
89272
65826
38357
21489
2343
68475
31946
39611
81467
8917
7031
34468
85395
68963
74391
63992
61179
41121
64524
72133
64369
1479
63770
23396
82644
10439
5812
37623
49401
19196
9316
96363
63403
47227
28307
12012
73409
7026
56048
9256
88581
44821
49763
95655
62592
1235
79622
91378
99569
53304
40548
52945
50649
74462
61079
44052
44206
80987
78539
60015
58309
88650
42530
54365
65609
14721
14034
81623
29134
47047
7528
94144
59625
27042
75363
44776
48
89089
69979
87510
45937
67665
83181
66095
2232
77163
96736
86778
55190
59672
38432
89021
50029
3657
14411
50156
40894
95381
79477
96443
79647
54875
41678
49657
2598
26214
83901
24931
60485
549
56200
72615
82723
60871
75361
59881
63535
78069
91903
72280
15871
57979
81280
45509
32493
46517
52270
95243
28305
78338
34929
58628
38019
36419
71598
87768
39465
68322
35142
68251
9086
69178
22961
91975
46184
55671
94315
48257
76561
98511
37297
17311
65154
8260
48300
64002
76102
5110
68852
47305
84828
47538
32645
29236
98298
65673
85528
2748
88690
34733
23382
82311
1534
79855
47815
99275
64971
28111
38611
24130
95788
48327
57978
64831
23543
17390
31792
82595
30633
79129
6163
13723
96460
6605
17278
94648
75783
38512
53353
15790
98067
7614
65648
11274
31025
43275
8912
17571
95238
35382
301
85652
87033
99878
32863
6242
48850
56675
67182
15391
71240
3710
22325
29814
28003
57135
77953
58193
39717
25308
46023
59862
977
79949
62069
48509
27310
39024
79853
55427
26402
96242
41187
23491
21492
42270
82545
8890
82241
36412
48596
27327
24314
22505
86545
17238
17968
96194
66490
5428
6136
29657
68806
38496
22008
8894
48759
94674
18205
35585
19919
27941
55508
81546
41095
66050
87854
69233
50596
95750
8215
57327
80138
11657
3883
35120
66379
69444
68561
22132
6657
54885
86714
40301
68444
92492
19986
57087
60418
95503
7322
18542
84668
57330
19596
47591
47570
94309
74773
19079
27883
62156
36460
15327
48253
47503
69561
66306
7390
34679
97126
59150
29420
79951
32872
1309
89052
11295
92680
5549
98766
2192
73630
16200
18370
82624
32742
19408
37112
26136
48989
51002
34701
93610
21427
1448
79352
57602
59191
85590
20927
59785
84825
14092
87553
21954
55096
27567
49271
19210
73926
3828
84178
94563
45979
41624
41935
31096
22359
27302
68902
16798
96244
57718
86430
56273
1705
477
3783
91930
92897
48697
76077
57368
89346
66002
26143
55843
44744
63792
72227
52625
97438
596
31265
10968
42257
23297
6179
78792
92389
29064
47027
65077
16418
50863
50014
74889
64654
21610
909
11311
16163
89282
49881
53920
66463
92042
2469
89001
7541
8166
21329
15524
28987
35938
59324
45487
2510
235
35959
13864
31651
21078
98869
97064
71704
48272
48811
36765
18970
80299
19480
61074
72915
58797
58282
45163
50542
69764
79810
52345
25657
72638
67290
38670
49951
25981
98783
33841
62047
54641
98285
21423
97622
85707
68165
19220
1435
1877
88491
49131
76516
92885
78994
96726
18574
49129
52592
46191
48812
91879
92486
72192
75083
63543
69682
3645
32358
71782
4888
59973
85329
91843
19834
99318
90437
56053
83182
35351
50979
40274
50799
66411
69412
3117
68462
30143
79021
26025
89782
84062
35528
34257
73159
73920
74222
2410
63279
13061
29922
99025
50928
30454
28266
35870
12986
69447
24200
28654
45458
34744
43607
46259
82536
42750
18581
52533
46275
10090
20124
59821
60829
47637
85861
55900
3773
79580
74541
23724
98058
68512
49096
31211
99300
61978
7165
43183
33145
85743
20377
57025
86549
68837
62451
62205
72706
19748
57629
14244
68794
53140
99898
58245
90339
38683
27542
78468
27061
19207
82005
48668
83681
75959
738
86592
71408
22417
25865
22218
53935
18668
28686
7738
73822
37656
99249
98506
80831
21909
40693
64472
80935
98811
58320
9177
68344
26541
18588
58157
22128
19320
29900
90410
77677
27530
51286
812
87220
69355
75184
39431
73516
61195
12741
98377
99195
29266
70783
35807
66593
97343
89217
10466
58576
15459
76382
28605
89408
78533
74668
85370
81444
7388
27746
25291
19726
20914
41332
7589
19415
99664
58210
47340
85048
13174
63976
69627
73917
64644
49058
25464
52426
68377
64660
27641
89694
61172
46064
7532
81913
6976
27594
99220
89413
47498
28743
70396
41521
29079
63000
5604
65411
86618
94984
21365
47440
92633
80317
26937
13660
35945
9713
7251
10755
73384
49973
2978
59776
19119
94921
18731
21400
75818
8344
19911
34991
58324
3189
6883
54083
96154
28823
82970
75515
3149
35714
21649
20784
52580
29707
63624
73228
90377
49351
51653
53363
85145
36543
26094
65053
15908
25040
21716
69173
82795
18679
60455
64701
96620
73539
2914
50485
98919
31833
51677
53135
27235
92691
16045
62750
17006
33488
8985
77084
38605
13572
9115
3130
50713
10194
14379
74307
50628
7115
83698
63070
31745
77426
89912
23956
67248
67371
85277
56647
19766
6315
75108
73160
78297
52505
13338
46828
7099
41451
88638
66337
59994
39707
612
53308
67206
30410
51221
83348
70037
70245
282
67433
77257
99088
33272
95748
47109
84458
20412
38961
87362
26968
43656
57405
75867
58407
69035
95893
81923
25268
61263
85665
62004
5311
55803
89914
32972
44519
48347
74818
38942
13244
47179
87713
72710
15618
30736
59430
86706
865
23116
17302
78362
51186
58811
88836
80619
90851
56003
85727
81233
94408
98052
56297
54741
74032
71215
40911
78270
84563
34064
35886
70849
88408
90548
47768
46199
9764
89626
6987
95584
36936
98487
74126
80888
48060
38147
93808
17888
71668
12047
18603
57738
18557
98243
59211
22834
84399
20706
61320
64584
15863
28347
65697
24746
66363
11742
15683
68549
48167
90154
90493
91492
59838
25261
37831
49149
29357
98043
80172
84338
69426
11091
43871
56120
33916
44777
96343
44932
27526
56946
94817
61516
96525
4942
792
46479
15008
75508
91919
46416
13802
89966
11437
12060
22416
61037
37761
20488
37817
85995
91513
53724
47559
41177
55977
62346
28491
20934
82830
1160
17862
93400
13289
3917
71894
75132
80321
45693
70462
39955
35211
73861
2563
41107
79854
31974
30004
26759
58860
30435
2580
6645
17461
96204
61385
72831
55925
95580
99227
54189
30390
50650
12519
71041
96990
89081
96727
93861
97572
44452
92646
29555
6314
23713
88969
64510
93220
36895
38312
40305
42330
52752
67415
95756
23535
81621
48716
43541
98391
65666
54880
36475
50161
52217
46779
80024
43800
71862
63756
89313
91853
45352
19852
86900
40805
31705
31896
65995
42627
47688
72871
62644
26340
67790
60700
36026
70874
71940
66601
93161
66938
34411
97531
79231
64930
49996
69872
44056
89467
93307
10589
74308
89405
90598
84966
87109
13963
66518
29313
74866
628
2430
2018
29092
58298
27473
37099
22142
69617
22314
14243
38539
34229
78963
4669
89452
30843
46814
52442
95977
22216
57144
10875
63378
60114
8993
33209
75305
16718
6068
98651
35466
39103
29659
99993
83066
64594
24082
52470
41143
31684
57895
76291
16757
60792
85721
2732
24916
50665
34553
88356
81582
18124
61379
36873
84042
95415
63752
40112
82272
66136
63350
37700
72722
91722
85118
4
18216
48319
27843
65010
43247
88504
846
98078
49662
87591
12631
67340
14042
15602
67044
50879
41882
55963
45092
19734
55333
93898
42859
87646
37265
82637
54808
69288
68727
41395
41616
43427
68636
61678
30821
19378
59189
77884
11166
54262
86473
15475
39980
68842
7657
86837
61224
73812
70003
20845
2853
19303
15136
65135
34811
25095
46361
18409
40156
60182
48995
74892
35491
25020
5927
11378
33220
11224
271
58631
87085
51473
45593
60635
59819
91260
97129
87822
20974
84576
89149
58322
69236
7394
47852
30795
96765
81019
54483
7783
51214
87570
92478
82188
60248
31606
15711
26608
64383
1433
62319
62110
14037
61190
16101
98728
84860
8889
31677
17832
67255
77485
99005
26997
77037
57194
16471
76430
11240
78028
7624
73739
28275
50574
57579
10
44201
57489
65711
7687
65619
19823
12407
94785
36080
50418
49804
65108
77858
56122
50369
65881
72573
24582
86868
65306
62045
20866
227
36836
340
392
823
459
442
415
298
531
739
420
210
764
115
534
840
690
868
204
480
311
230
417
325
338
992
96
197
731
370
993
965
766
411
798
973
599
937
974
734
996
830
740
544
771
74
375
552
749
799
128
821
146
826
364
626
200
122
457
354
466
201
825
979
601
30
15
632
246
515
571
975
616
481
193
57
371
277
813
180
617
586
273
877
940
40
683
914
120
906
882
482
1
348
964
763
720
346
978
883
176
988
554
724
661
860
393
560
593
460
752
355
513
473
791
174
948
535
635
495
238
625
836
208
765
158
907
105
419
11
489
241
248
891
819
68
610
121
16
289
43
915
92
505
138
139
539
321
101
982
490
483
187
588
941
630
532
163
805
280
497
147
33
144
84
168
488
564
651
63
376
785
79
916
957
297
936
951
379
300
360
723
816
285
159
670
838
377
145
674
160
727
652
796
987
333
276
529
407
389
22
67
997
52
775
656
704
91
143
696
312
453
169
250
132
931
803
293
369
78
106
299
516
140
890
54
330
983
569
995
649
506
843
363
431
456
875
918
152
112
225
472
533
748
615
608
207
329
85
853
403
229
872
905
581
418
888
510
461
211
707
679
789
265
179
783
251
710
518
396
233
217
949
151
574
986
837
167
927
885
806
450
452
770
231
256
270
587
923
410
717
966
366
782
287
150
919
223
735
426
24
441
254
650
421
862
350
715
86
133
324
947
119
468
398
165
278
824
924
804
302
405
807
760
956
221
667
496
359
725
685
511
433
903
249
955
432
507
395
747
922
331
349
509
314
42
307
841
374
400
382
859
672
700
458
980
365
817
3
448
38
578
394
170
108
855
116
590
47
811
867
9
380
844
18
425
526
835
155
87
902
892
181
220
647
219
971
268
677
705
283
521
557
981
706
912
186
156
37
444
637
758
93
430
718
255
479
14
443
184
603
869
313
659
880
162
206
756
318
777
61
761
633
29
952
642
904
611
322
7
629
573
31
899
815
691
575
934
874
697
196
842
463
455
962
413
787
498
66
437
216
471
387
412
567
687
618
107
465
994
562
673
59
12
686
137
361
561
896
385
684
353
500
540
82
822
292
72
699
866
519
247
643
127
149
935
237
976
226
23
234
808
462
732
17
36
810
485
570
492
487
164
512
639
2
339
224
600
215
657
636
925
553
669
793
627
972
712
689
214
192
70
591
275
429
239
384
118
861
6
75
342
932
332
503
889
178
358
97
55
895
579
722
428
305
701
730
520
943
205
536
469
447
714
555
863
182
609
103
295
326
286
959
887
654
809
551
113
253
854
583
960
742
613
900
188
624
491
827
141
71
565
967
530
438
62
110
543
522
486
729
548
296
879
81
769
871
320
60
117
898
134
688
316
484
820
857
998
49
607
470
991
754
291
173
834
172
525
755
499
969
449
781
989
102
663
897
638
850
680
409
833
757
337
202
953
304
893
194
153
920
69
990
64
189
619
310
58
